expected_dpdx =

  -12.0000


average =

  -11.9872


ONT test_a_02

expected_dpdx =

   -12


average =

  -12.0010